function [dr1,dr2]=setDR12
dr1=[1.0395    1.3176    2.8009];
dr2=[-2.0658   -0.7613    0.2451];
end