function [vecs,Tlm] = returnVecs(num)

Tlm = eye(4);
vecs=zeros(2,16);
if(num==13)
    Tlm=[0.999849    -0    -0.017398    0    
        -3.8e-005    0.999998    -0.002167    0    
        0.017398    0.002167    0.999846    0    
        0.275276    0.119154    -0.005048    1 ]';
    vecs=[
        75.9576  44.0519  233.336  0.324835  -0.657623  0.57512  -0.362285  0.819693  97.0521  44.2757  220.18  -0.861616  -0.0957636  0.47029  0.165152  0.449022
110.31  46.3949  292.387  -0.323715  0.678153  -0.531824  0.390487  0.593359  132.268  46.9677  280.672  -0.852861  -0.0810612  0.503046  0.114027  0.397041
52.6594  -27.6885  329.569  -0.27375  0.43905  -0.53672  0.666504  0.512686  74.6772  -39.4388  330.8  -0.652497  0.112848  0.712469  0.232166  0.247473
12.7626  -26.046  264.71  -0.0029844  -0.60026  0.739368  -0.304982  0.395445  21.7087  -37.0862  244.127  -0.0023551  0.600768  -0.742217  0.296962  0.498194
];
elseif(num==16)
    Tlm=[0.999919    -0    -0.012712    0    
        -2.6e-005    0.999998    -0.002037    0   
        0.012712    0.002037    0.999917    0   
        -0.006784    -0.145372    0.000382    1  ]';
    vecs=[
        76.5837  44.8937  233.871  0.337173  -0.645463  0.587269  -0.353281  0.791763  97.8469  45.5387  220.81  -0.860767  -0.103566  0.466679  0.174826  0.471497
111.271  44.6301  292.07  -0.339553  0.661191  -0.537775  0.397905  0.64118  133.65  45.2823  281.076  -0.843504  -0.0903194  0.513619  0.128609  0.330581
52.6277  -28.056  329.935  -0.272853  0.43107  -0.532828  0.675147  0.54305  74.4993  -40.0931  331.556  -0.643632  0.117134  0.718275  0.236852  0.270847

13.8289  -25.9683  264.542  -0.00635004  0.594945  -0.741042  0.31122  0.492917  23.4963  -37.4529  244.779  -0.00993106  0.593497  -0.739275  0.318018  0.45915
];
elseif(num==19)
    Tlm=[0.999988    0    0.004978    0    
        5.4e-005    0.99994    -0.010943    0    
        -0.004978    0.010943    0.999928    0    
        -0.23308    0.188847    -0.003227    1 ]';
    vecs=[
76.8811  43.9131  234.936  -0.333722  0.679291  -0.528333  0.384782  0.68812  98.7918  45.3373  223.134  -0.851002  -0.0957787  0.504257  0.11112  0.574644
110.664  44.4965  292.422  -0.336139  0.653235  -0.538628  0.412523  0.461784  133.309  44.4471  281.783  -0.841752  -0.0767805  0.517641  0.132691  0.444645
51.8314  -29.5871  330.845  0.285319  -0.408714  0.556903  -0.664383  0.500309  73.1172  -42.3093  332.198  -0.62945  0.0937121  0.720388  0.275775  0.470172
14.8821  -28.1599  266.923  -0.00613082  -0.603376  0.719832  -0.343135  0.486133  24.661  -40.4676  247.363  -0.888884  0.178256  0.282275  0.313738  0.387282
];
end