

function [T,Config]=getTandConfig
M=[
-0.988739 -0.109483 -0.102027 0.000000 0.123608 -0.981774 -0.144364 0.000000 -0.084362 -0.155350 0.984251 0.000000 -3.188863 5.865940 84.572722 1.000000
-0.897295 -0.117166 -0.425597 0.000000 0.152873 -0.986950 -0.050601 0.000000 -0.414115 -0.110466 0.903497 0.000000 -35.618104 2.792819 78.325589 1.000000
-0.889138 -0.121625 -0.441181 0.000000 0.159182 -0.986034 -0.048978 0.000000 -0.429062 -0.113776 0.896081 0.000000 -40.747956 2.689665 77.460563 1.000000
-0.980319 -0.084420 0.178459 0.000000 0.056691 -0.986265 -0.155135 0.000000 0.189104 -0.141964 0.971641 0.000000 29.660293 8.751809 81.261648 1.000000
-0.987221 -0.066190 0.144959 0.000000 0.043326 -0.986877 -0.155552 0.000000 0.153352 -0.147283 0.977134 0.000000 35.359633 8.606210 81.014893 1.000000
-0.989654 -0.125014 -0.070401 0.000000 0.134611 -0.978840 -0.154117 0.000000 -0.049645 -0.161999 0.985541 0.000000 -8.619576 5.717461 84.619637 1.000000
-0.988405 -0.134263 -0.070911 0.000000 0.142410 -0.981729 -0.126202 0.000000 -0.052671 -0.134837 0.989467 0.000000 -12.692216 5.624916 86.130837 1.000000
-0.988807 -0.146199 -0.029774 0.000000 0.148825 -0.980620 -0.127417 0.000000 -0.010568 -0.130422 0.991402 0.000000 -15.778159 5.634004 88.614974 1.000000
-0.986886 -0.092937 -0.131979 0.000000 0.112065 -0.982945 -0.145809 0.000000 -0.116177 -0.158687 0.980470 0.000000 2.133703 5.583484 85.190441 1.000000
-0.986758 -0.078962 -0.141679 0.000000 0.102135 -0.981064 -0.164566 0.000000 -0.126002 -0.176858 0.976138 0.000000 6.338333 5.485331 87.216867 1.000000
-0.982138 -0.070660 -0.174392 0.000000 0.098773 -0.982455 -0.158198 0.000000 -0.160154 -0.172597 0.971885 0.000000 9.006417 5.273088 90.171607 1.000000
-0.987605 -0.107253 -0.114600 0.000000 0.123628 -0.981389 -0.146941 0.000000 -0.096708 -0.159287 0.982484 0.000000 -3.125638 -4.213108 84.034419 1.000000
-0.989272 -0.114723 -0.090441 0.000000 0.125864 -0.983619 -0.129044 0.000000 -0.074155 -0.139043 0.987506 0.000000 -2.840895 -10.588242 86.214919 1.000000
-0.990291 -0.121775 -0.067048 0.000000 0.129305 -0.983990 -0.122655 0.000000 -0.051038 -0.130134 0.990182 0.000000 -2.670662 -16.765637 90.197941 1.000000
-0.987108 -0.106757 -0.119250 0.000000 0.123031 -0.982664 -0.138691 0.000000 -0.102376 -0.151574 0.983130 0.000000 -4.316276 15.238237 86.484078 1.000000
-0.989020 -0.114131 -0.093882 0.000000 0.127585 -0.980004 -0.152693 0.000000 -0.074578 -0.162994 0.983804 0.000000 -4.708655 23.346778 90.478330 1.000000
-0.984989 -0.114172 -0.129470 0.000000 0.130230 -0.983797 -0.123219 0.000000 -0.113304 -0.138230 0.983898 0.000000 -5.541513 32.216911 96.098733 1.000000
-0.992628 -0.110491 -0.049815 0.000000 0.121164 -0.894373 -0.430600 0.000000 0.003024 -0.433462 0.901167 0.000000 -0.710424 -25.061437 76.518022 1.000000
-0.938676 -0.139489 -0.315326 0.000000 0.159275 -0.986513 -0.037739 0.000000 -0.305809 -0.085648 0.948233 0.000000 -48.343511 1.866708 80.109652 1.000000
-0.965324 -0.123580 0.229950 0.000000 0.089156 -0.983958 -0.154524 0.000000 0.245358 -0.128664 0.960857 0.000000 18.233870 8.260824 87.210993 1.000000
-0.988693 -0.104738 -0.107314 0.000000 0.120096 -0.981607 -0.148406 0.000000 -0.089796 -0.159616 0.983087 0.000000 -3.159188 5.135987 84.181148 1.000000




];
Cf=[
0.000000 0.000000 0.000000 0.000000 0.000000 0.000000
0.000000 0.000000 0.000000 0.000000 0.261799 0.000000
0.000000 0.000000 0.261799 0.000000 0.000000 0.000000
0.000000 0.000000 0.000000 0.000000 0.261799 3.141593
0.000000 0.000000 0.261799 3.141593 0.000000 0.000000
0.000000 0.000000 0.261799 0.000000 0.261799 3.141593
0.000000 0.000000 0.523599 0.000000 0.523599 3.141593
0.000000 0.000000 0.785398 0.000000 0.785398 3.141593
0.000000 0.000000 0.261799 3.141593 0.261799 0.000000
0.000000 0.000000 0.523599 3.141593 0.523599 0.000000
0.000000 0.000000 0.785398 3.141593 0.785398 0.000000
0.000000 0.000000 0.261799 1.570796 0.261799 -1.570796
0.000000 0.000000 0.523599 1.570796 0.523599 -1.570796
0.000000 0.000000 0.785398 1.570796 0.785398 -1.570796
0.000000 0.000000 0.261799 -1.570796 0.261799 1.570796
0.000000 0.000000 0.523599 -1.570796 0.523599 1.570796
0.000000 0.000000 0.785398 -1.570796 0.785398 -1.570796
0.000000 0.000000 0.000000 0.000000 0.261799 1.570796
0.000000 0.000000 0.785398 0.000000 0.523599 3.141593
0.000000 0.000000 0.785398 0.000000 1.047198 3.141593
0.000000 0.000000 0.000000 0.000000 0.000000 0.000000
];
T=zeros(4,4,size(M,1));
for i = 1:size(M,1)
    T(:,:,i)=[M(i,1:4); M(i,5:8); M(i,9:12); M(i,13:16)]';
end
% Cf(:,2)=Cf(:,2)-20;
% Cf(:,4)=-Cf(:,4);Cf(:,6)=-Cf(:,6);
Config=Cf;



end