function x = setX0
    x0=[18    8   30   19   1.45    1.28];
    x=x0;
end