function A=getAnew
A=[
5307.13       0 2722.69 54.4352
      0 5307.13 1831.75 0
      0       0       1 0
];
end