function MPoints = getMPoints
MPoints=[
      5.5   0  1
      5.5  11  1
     -5.5  11  1
     -5.5   0  1
       0    0  1
     -3.5   6  1
      3.5   6  1
       0    3  1
];
end