function pixels = getPixelCoord
pixels=[
3596.939, 1678.4481;
 3564.9619, 1507.3397;
 3391.8232, 1539.7335;
 3423.7354, 1710.021;
 3510.0759, 1694.2263;
 3437.6262, 1611.179;
 3548.012, 1590.8981;
 3501.3721, 1647.5243 

2734.4304, 1679.7274;
 2701.6453, 1508.6991;
 2532.3694, 1541.179;
 2564.9705, 1711.3501;
 2649.5405, 1695.6079;
 2577.8018, 1612.7482;
 2685.7935, 1592.2413;
 2640.6311, 1648.8901];
end