function T=setTinit
T=[    1   0   0  0
       0   1   0  0
       0   0   1 300];
end