function T = getData_Coord

p=[
0 0 0 
12.5 0 0 
25 0 0
25 12.5 0
12.5 12.5 0
0 12.5 0
0 25 0
12.5 25 0
25 25 0

25 25 12.5
12.5 25 12.5
0 25 12.5
0 12.5 12.5
12.5 12.5 12.5
25 12.5 12.5
25 0 12.5
12.5 0 12.5
0 0 12.5

0 0 25 
12.5 0 25 
25 0 25
25 12.5 25
12.5 12.5 25
0 12.5 25
0 25 25
12.5 25 25
25 25 25
];
T=zeros(6,27);
T(1:3,:)=p';
end