0.00107986579470532	-0.402753889276343	0.915307674261854	13.5857385622885
0.999744080600887	0.0211176923160385	0.00811272917897690	-0.0219190009650267
-0.0225966190690493	0.915064668613112	0.402673621016604	3.11335057247687
0	0	0	1
0.999891723460715	-0.0145799720331405	0.00199142418207990	0.0792859673121509
0.00754983432332597	0.392122970107797	-0.919881827364542	-13.7531036749021
0.0126309681517475	0.919797260666367	0.392190588762908	2.83118353596519
0	0	0	1
-0.0141310321015041	-0.438573131031658	0.898584399301943	13.8567032294259
-0.999746144578213	0.0219693813659154	-0.00499926828620820	0.0537389469359013
-0.0175487986125767	-0.898426933600884	-0.438772246897828	-2.13916711523086
0	0	0	1
-0.999822930320175	0.0187941313017486	-0.000942674169987119	-0.0826628874732174
-0.00830006819086586	-0.395485902519301	0.918434543000491	13.4861204379860
0.0168883650483137	0.918279740349915	0.395571866528559	3.38961060848478
0	0	0	1
0.999483083249789	-0.0321489202944503	-0.000114984330727467	0.0767373678096578
-0.0142743203997051	-0.446975740361066	0.894432183737707	13.8451639542209
-0.0288064241901315	-0.893968195436828	-0.447203595102723	-2.30101436964069
0	0	0	1
0.999997170267167	-0.00208164911200953	0.00115160524162536	-0.492076755530447
0.00208293254874750	0.999997209746449	-0.00111440177396380	-5.57586264226574
-0.00114928223489154	0.00111679733654560	0.999998715956202	15.8855077184541
0	0	0	1
0.00130901450744759	0.451778250366955	-0.892129306197477	-14.0265013843177
0.999984423129488	0.00424920278970380	0.00361908469596914	0.0250155385162278
0.00542586208854559	-0.892120147049165	-0.451765650807552	-2.22724482625082
0	0	0	1
0.00679058059081597	0.395954723684066	-0.918244926371780	-13.9138148235075
-0.999950771749895	-0.00395485549333896	-0.00910017553759775	-0.0470753730479316
-0.00723478348175804	0.918261518256265	0.395908375760946	2.98224355442368
0	0	0	1
-0.999996113861566	-0.00256572255900603	-0.00109056385246120	0.0846870028196947
-0.000172559585179245	0.447394509409408	-0.894336694524777	-13.6923690629949
0.00278253211224063	-0.894333030821330	-0.447393213512430	-2.63485515359162
0	0	0	1