

function [T,Config]=getTandConfig
M=[
-0.989137 -0.111203 -0.096140 0.000000 0.123358 -0.983618 -0.131446 0.000000 -0.079948 -0.141878 0.986650 0.000000 -4.297587 4.886769 84.079744 1.000000
-0.920006 -0.117780 -0.373788 0.000000 0.145679 -0.988206 -0.047179 0.000000 -0.363822 -0.097858 0.926314 0.000000 -32.863637 2.436375 79.176678 1.000000
-0.883035 -0.119604 -0.453810 0.000000 0.150647 -0.988046 -0.032729 0.000000 -0.444471 -0.097266 0.890497 0.000000 -41.475574 2.081411 77.123800 1.000000
-0.984220 -0.087101 0.154026 0.000000 0.062630 -0.985588 -0.157140 0.000000 0.165493 -0.145013 0.975491 0.000000 26.386400 7.979616 81.527267 1.000000
-0.985146 -0.064490 0.159152 0.000000 0.038113 -0.985801 -0.163537 0.000000 0.167438 -0.155042 0.973615 0.000000 35.748193 8.005274 80.680774 1.000000
-0.987870 -0.126436 -0.090152 0.000000 0.137949 -0.981107 -0.135644 0.000000 -0.071298 -0.146435 0.986648 0.000000 -12.752325 4.875936 84.245193 1.000000
-0.984839 -0.139754 -0.102767 0.000000 0.151232 -0.981904 -0.113987 0.000000 -0.084977 -0.127801 0.988153 0.000000 -20.191170 4.533016 85.958367 1.000000
-0.987721 -0.149623 -0.044956 0.000000 0.152624 -0.985579 -0.073069 0.000000 -0.033375 -0.079033 0.996313 0.000000 -27.308170 4.177555 89.084144 1.000000
-0.991430 -0.091322 -0.093419 0.000000 0.104113 -0.984267 -0.142753 0.000000 -0.078913 -0.151256 0.985340 0.000000 5.728375 5.336267 85.309211 1.000000
-0.994963 -0.080105 -0.060265 0.000000 0.089062 -0.982317 -0.164688 0.000000 -0.046007 -0.169226 0.984503 0.000000 13.410515 5.527154 87.756207 1.000000
-0.996146 -0.064163 -0.059794 0.000000 0.073878 -0.981291 -0.177790 0.000000 -0.047268 -0.181522 0.982250 0.000000 20.426644 5.595686 91.447511 1.000000
-0.988990 -0.105332 -0.103944 0.000000 0.122298 -0.977241 -0.173333 0.000000 -0.083321 -0.184136 0.979363 0.000000 -3.305169 -3.819079 83.498119 1.000000
-0.989243 -0.108367 -0.098261 0.000000 0.123118 -0.979538 -0.159206 0.000000 -0.078998 -0.169591 0.982343 0.000000 -2.773595 -11.050223 84.509289 1.000000
-0.990893 -0.117032 -0.066587 0.000000 0.126938 -0.976875 -0.172051 0.000000 -0.044911 -0.178936 0.982835 0.000000 -2.574926 -17.324263 87.007711 1.000000
-0.986441 -0.106277 -0.125056 0.000000 0.121968 -0.984588 -0.125344 0.000000 -0.109808 -0.138897 0.984200 0.000000 -4.582722 15.313579 85.866470 1.000000
-0.988228 -0.114268 -0.101731 0.000000 0.124645 -0.986915 -0.102284 0.000000 -0.088712 -0.113760 0.989540 0.000000 -4.962499 23.272415 88.816644 1.000000
-0.988304 -0.119527 -0.094698 0.000000 0.126174 -0.989702 -0.067604 0.000000 -0.085642 -0.078762 0.993208 0.000000 -5.446678 31.530641 92.523793 1.000000
-0.992195 -0.121361 -0.028642 0.000000 0.122722 -0.909687 -0.396748 0.000000 0.022095 -0.397166 0.917481 0.000000 -1.177873 -22.897196 77.266122 1.000000
-0.963828 -0.152675 -0.218464 0.000000 0.162845 -0.986219 -0.029218 0.000000 -0.210993 -0.063737 0.975407 0.000000 -56.440548 0.820570 78.905707 1.000000
-0.987514 -0.127499 0.092526 0.000000 0.111859 -0.981076 -0.158045 0.000000 0.110925 -0.145721 0.983087 0.000000 4.698177 7.056190 90.586674 1.000000
-0.989714 -0.108472 -0.093275 0.000000 0.120568 -0.983384 -0.135714 0.000000 -0.077004 -0.145564 0.986347 0.000000 -3.351361 5.022288 84.012733 1.000000





];
Cf=[
0.000000 0.000000 0.000000 0.000000 0.000000 0.000000
0.000000 0.000000 0.000000 0.000000 0.261799 0.000000
0.000000 0.000000 0.261799 0.000000 0.000000 0.000000
0.000000 0.000000 0.000000 0.000000 0.261799 3.141593
0.000000 0.000000 0.261799 3.141593 0.000000 0.000000
0.000000 0.000000 0.261799 0.000000 0.261799 3.141593
0.000000 0.000000 0.523599 0.000000 0.523599 3.141593
0.000000 0.000000 0.785398 0.000000 0.785398 3.141593
0.000000 0.000000 0.261799 3.141593 0.261799 0.000000
0.000000 0.000000 0.523599 3.141593 0.523599 0.000000
0.000000 0.000000 0.785398 3.141593 0.785398 0.000000
0.000000 0.000000 0.261799 1.570796 0.261799 -1.570796
0.000000 0.000000 0.523599 1.570796 0.523599 -1.570796
0.000000 0.000000 0.785398 1.570796 0.785398 -1.570796
0.000000 0.000000 0.261799 -1.570796 0.261799 1.570796
0.000000 0.000000 0.523599 -1.570796 0.523599 1.570796
0.000000 0.000000 0.785398 -1.570796 0.785398 -1.570796
0.000000 0.000000 0.000000 0.000000 0.261799 1.570796
0.000000 0.000000 0.785398 0.000000 0.523599 3.141593
0.000000 0.000000 0.785398 0.000000 1.047198 3.141593
0.000000 0.000000 0.000000 0.000000 0.000000 0.000000
];
T=zeros(4,4,size(M,1));
for i = 1:size(M,1)
    T(:,:,i)=[M(i,1:4); M(i,5:8); M(i,9:12); M(i,13:16)]';
end
% Cf(:,2)=Cf(:,2)-20;
% Cf(:,4)=-Cf(:,4);Cf(:,6)=-Cf(:,6);
Config=Cf;



end