% function [dr1,dr2]=setDR12
% dr1=[0.5808    1.3414    2.3646];
% dr2=[-2.2056   -0.8127    0.3347];
% % dr1=[ 0 0  -pi/2 ];
% % dr2=[ 0 0  pi/2];
% end
function [dr1,dr2]=setDR12
dr1=[-0.2796    0.9795    1.2633];
dr2=[-2.8289   -0.8693    0.9579];
end