0.99984107	-0.02062514	0.00019996	-11.97502935
-0.00010418	0.00096712	1.00004314	39.01022158
-0.0206	-0.9998	0.001	-10.4147
0	0	0	1
0.00129663	0	-1.00003894	-20.05967896
0.0145307	0.99993896	0	5.45953426
0.9999	-0.0145	0.0013	-50.894
0	0	0	1
0.9998   -0.0209   -0.0000  -10.7125
0.0210    0.9998    0.0000   15.8501
-0.0000   -0.0000    1.0000    0.0645
0         0         0    1.0000
-0.5379	-0.7975	0.2733	20.3863
0.6106   -0.1450	0.7786   12.8779
-0.5812	0.5857	0.5649   12.4854
0	0	0	1.0000
-0.2686	0.5355	-0.8007	-16.3414
-0.7808	-0.6078	-0.1445	13.0807
-0.5641	0.5864	0.5813	12.5036
0	0	0	1.0000
0.8038	0.2546	0.5377	1.8154
0.1624	0.7756	-0.6099	-18.8264
-0.5723	0.5776	0.5821	12.6269
0	0	0	1.0000