function Mpixeli = getPicCoord

Mpixeli=[1130.35    449.201    1161.71    485.493    1193.31    521.903    1093.79    480.598    1124.62    516.592    1155.81    553.248    1057.82    511.466    1088.37    547.673    1119.08    583.8    1091.83    449.61    1122.78    485.722    1153.86    521.752    1056.03    480.722    1086.45    516.562    1117.17    552.735    1020.57    511.311    1050.76    547.219    1081    583.037    
];

end