function [A_new, TranslationC21, poseCam0]=getStructurePara

A_new=[
1189.863477	0.000000	960.000000
0.000000	1189.863477	540.000000
0.000000	0.000000	1.000000    
];
TranslationC21=4.050300;
poseCam0=[
       1   0   0  0
       0   1   0  0
       0   0   1 100];
end