dx = 1.93 / 2 * 1e-3;
dx2 = 1.15 * 1e-3 - dx;
E = 5e10;

d1 = 0.4e-3;
d2 = 0.2e-3;
I1 = d1^4/64;
I2 = d2^4/64;
A1 = pi*d1^2/4;
A2 = pi*d2^2/4;
d=1;
K1=E*I1*d;
K2=E*I2*d;

