function x = setX0
    x0=[18    8   30   19   1    1    53.438e9  531.88];
    x=x0;
end