function T = getData_Coord

p=[
290,-530,-560
290,-490,-560
290,-450,-560
290,-410,-560
330,-410,-560
330,-450,-560
330,-490,-560
330,-530,-560
370,-530,-560
370,-490,-560
370,-450,-560
370,-410,-560
410,-410,-560
410,-450,-560
410,-490,-560
410,-530,-560
410,-530,-520
410,-490,-520
410,-450,-520
410,-410,-520
370,-410,-520
370,-450,-520
370,-490,-520
370,-530,-520
330,-530,-520
330,-490,-520
330,-450,-520
330,-410,-520
290,-410,-520
290,-450,-520
290,-490,-520
290,-530,-520
290,-530,-480
290,-490,-480
290,-450,-480
290,-410,-480
330,-410,-480
330,-450,-480
330,-490,-480
330,-530,-480
370,-530,-480
370,-490,-480
370,-450,-480
370,-410,-480
410,-410,-480
410,-450,-480
410,-490,-480
410,-530,-480
410,-530,-440
410,-490,-440
410,-450,-440
410,-410,-440
370,-410,-440
370,-450,-440
370,-490,-440
370,-530,-440
330,-530,-440
330,-490,-440
330,-450,-440
330,-410,-440
290,-410,-440
290,-450,-440
290,-490,-440
290,-530,-440
];
p=[
500,-200,-300
500,-300,-300
500,-400,-300
500,-500,-300
400,-500,-300
400,-400,-300
400,-300,-300
400,-200,-300
300,-200,-300
300,-300,-300
300,-400,-300
300,-500,-300
200,-500,-300
200,-400,-300
200,-300,-300
200,-200,-300
200,-200,-200
200,-300,-200
200,-400,-200
200,-500,-200
300,-500,-200
300,-400,-200
300,-300,-200
300,-200,-200
400,-200,-200
400,-300,-200
400,-400,-200
400,-500,-200
500,-500,-200
500,-400,-200
500,-300,-200
500,-200,-200
500,-200,-400
500,-300,-400
500,-400,-400
500,-500,-400
400,-500,-400
400,-400,-400
400,-300,-400
400,-200,-400
300,-200,-400
300,-300,-400
300,-400,-400
300,-500,-400
200,-500,-400
200,-400,-400
200,-300,-400
200,-200,-400
200,-200,-500
200,-300,-500
200,-400,-500
200,-500,-500
300,-500,-500
300,-400,-500
300,-300,-500
300,-200,-500
400,-200,-500
400,-300,-500
400,-400,-500
400,-500,-500
500,-500,-500
500,-400,-500
500,-300,-500
500,-200,-500    
];
T=zeros(6,64);
T(1:3,:)=p';
end