function [T0,T_14] = getT_CW
%GETT_CW 此处显示有关此函数的摘要
%   此处显示详细说明
T4=[
164.045331813387	123.158827907847	82.2895727506407	41.4355919304162	-48.9329728210470	-8.03453102135063	32.8602649479366	73.7828343020475	-16.5444187422757	0	-98.3335136719734	-139.222290509887	-229.607649948418	-188.679832759817	-147.805485590511	-106.918205677994	-119.875888183810	-160.777447506435	-201.677065008085	-242.576917071712	-152.216724277409	-111.308898815889	-70.4394516693722	-29.5408195386810	60.8078608628220	19.9140120311418	-20.9881789996700	-61.8850736373466	28.4683660502440	69.3677010570536	110.245928283541	151.120505143222	177.120931701902	136.261244682936	95.3161208958636	54.4890107644711	-35.8538499077674	5.02657227435540	0	86.7888453024690	-3.50007007095552	-44.4265945754332	-85.2924495665992	-126.180678414008	0	0	0	0	0	0	0	0	0	0	0	0	0	0	0	0	67.5312775505386	108.357672662146	0	0
-15.6302910127725	-30.7926814319448	-45.9488087595867	-61.1171497689533	-68.4009156777965	-53.2559784338599	-38.1354084015140	-23.0313471676131	-30.3238848975517	0	-60.5996574286919	-75.7495013703919	-82.9949899272348	-67.8744847484398	-52.7299594892171	-37.6057235109455	60.9673522529324	45.8293827449250	30.6819710341246	15.5407963542746	22.8269279037035	37.9624266845366	53.1152679767797	68.2475722078161	75.5371195108125	60.3988000714960	45.2691682628382	30.1260701135910	37.4324967278349	52.5801328951473	67.7308609256279	82.8539640563757	-114.311439137903	-129.480496037781	-144.580411703656	-159.775396065093	-167.047881498399	-151.906687624413	0	-121.595774327508	-128.956535692389	-144.059677199410	-159.207372636389	-174.365739605944	0	0	0	0	0	0	0	0	0	0	0	0	0	0	0	0	-258.374091907126	-243.215754094404	0	0
-1737.25518653536	-1647.29668131042	-1557.34730836962	-1467.44163434773	-1509.66722859817	-1599.62685654448	-1689.57926672947	-1779.62827261230	-1821.84540818523	0	-1641.92404062793	-1552.00799154813	-1594.14784432443	-1684.19595970984	-1774.08117463751	-1864.04462228450	-1853.40312519970	-1763.41038616315	-1673.45202097412	-1583.47926539462	-1541.23990744992	-1631.23932613004	-1721.15957074302	-1811.10727169682	-1768.90374474698	-1678.93490980827	-1588.94269668164	-1498.96002643014	-1456.66939425650	-1546.68043665601	-1636.63346852943	-1726.59118104697	-1748.10353865823	-1658.15122183425	-1568.10585217445	-1478.23714282722	-1520.47424422086	-1610.44351970040	0	-1790.31900483679	-1832.69163210402	-1742.67467899845	-1652.74394085864	-1562.82672888035	0	0	0	0	0	0	0	0	0	0	0	0	0	0	0	0	-1488.99464961189	-1578.95123360069	0	0
65.1454655857705	65.0766125741506	65.1009106049244	65.1832306104152	65.0758418190474	65.1664420593089	65.0449057916545	65.2344773393773	65.2128669548648	0	64.9668518933319	65.0511057310182	65.1596451199244	65.1789632562643	64.9854819338053	65.0923171303954	64.8897407517981	64.9767775391560	65.0987663104002	65.1096937663864	65.0565576193820	64.9891171406272	64.9764800162338	65.1817216264629	65.0233758475737	65.1250784215050	65.0861162946576	65.0077507502122	65.1158503890746	65.0651192022209	65.0546732894109	65.0913684236651	65.1776586063348	64.9521020707434	65.0873823043412	65.1878719957786	65.0899044797764	65.0234807015686	0	65.0444978031771	65.0889279117566	65.0362410992963	65.0985242665669	64.9840497864403	0	0	0	0	0	0	0	0	0	0	0	0	0	0	0	0	64.9104806332112	64.9091236175864	0	0
-0.879414150044315	-0.851281146492227	-1.04069829925239	-1.13404065674462	-0.971421018978970	-0.907431943163829	-0.757478391603813	-1.04643849267451	-1.03925806523313	0	-0.970441973037088	-1.14883394329942	-0.281529975498051	-0.715024592937318	-0.707369170250954	-0.613060625437681	-0.944881130580617	-0.862099311834219	-0.723418853618300	-0.704912448083261	-0.902380578330598	-1.18264480377897	-0.951487705453784	-0.707612402622119	-1.20014707830495	-0.906381636800220	-0.913500233800254	-0.886371408663410	-0.867573666997045	-1.00686641259314	-0.963726693498391	-0.995221380618007	-1.28282427563580	-1.58009584559619	-1.19388817235380	-1.40086447977091	-0.957642088639420	-1.05915520900866	0	-0.967084107292482	-1.36656961655576	-0.860087216359300	-0.889694883209925	-1.16487465504733	0	0	0	0	0	0	0	0	0	0	0	0	0	0	0	0	-1.40743134406515	-1.30471830450195	0	0
-37.0411520456905	-37.0152692037897	-36.8138450317283	-36.7065062519670	-36.7382396313964	-36.8917958304344	-37.0357848613928	-36.7464310291934	-36.7921978927810	0	-36.7206043929628	-36.6256381172410	-37.8662504894826	-37.1247552139357	-37.0592986438595	-37.0551242172696	-37.0937616654559	-37.1854459012761	-37.1714512245042	-37.1900437957079	-36.9752910021567	-36.8179846754151	-37.0379269845878	-37.2947536978126	-36.7486212243057	-37.0759811790086	-36.9855266935184	-37.0451209931418	-37.0806635364947	-37.0555451267425	-37.0880986581475	-36.9188907931158	-36.1925569800117	-35.9281617487838	-36.3648103833110	-36.1164218207629	-36.8484392283008	-36.6460478862356	0	-36.6938916963045	-36.1658190264403	-36.9603198166703	-37.0303957729122	-36.7208603733764	0	0	0	0	0	0	0	0	0	0	0	0	0	0	0	0	-36.2804107938689	-36.3740399608562	0	0

];

