function qb = setActuation


qb=[
    
    0.0368    0.2037    0.6369   -0.0555   -0.1832
    0.0710   -2.8693   -2.8532    2.5134    2.4947
   -0.0000   -0.0000   -0.0000   -0.0000    0.0000
   -0.0000    0.0000    0.0000   -0.0000   -0.0000
   -0.0000    0.0000   -0.0000   -0.0000   -0.0000
   -0.0000   -0.0000   -0.0000   -0.0000   -0.0000
   -0.0000    0.0000   -0.0000   -0.0000   -0.0000
   -0.0000    0.0000   -0.0000    0.0000   -0.0000
   -0.0000    0.0000   -0.0000   -0.0000   -0.0000
    0.0000    0.0000   -0.0000    0.0000    0.0000
    0.0429   -0.0023    0.1134    0.1573    0.3028
   -0.1547   -0.9438   -0.5945   -1.3182   -1.3341
   

% % -0.2014   -0.2586    0.3461   -0.1624   -0.1111
% %     0.1536   -2.9993   -2.7004    2.3094    2.5817
% %    -0.0000   -0.0000   -0.0000   -0.0000   -0.0000
% %    -0.0000    0.0000    0.0000   -0.0000   -0.0000
% %    -0.0000    0.0000   -0.0000   -0.0000   -0.0000
% %    -0.0000   -0.0000   -0.0000   -0.0000   -0.0000
% %    -0.0000    0.0000   -0.0000    0.0000   -0.0000
% %    -0.0000    0.0000   -0.0000    0.0000   -0.0000
% %    -0.0000    0.0000    0.0000    0.0000   -0.0000
% %     0.0000    0.0000    0.0000   -0.0000   -0.0000
% %     0.1030   -0.0242    0.0642    0.1823    0.2744
% %    -0.3234   -0.9076   -0.7942   -1.3927   -1.5733
   ];
end