function psi = setPsi

psi = [
87.0616  133.6609  134.2813   69.9772   70.1243
0.0313   -0.8609    0.7019   -0.6786    0.8529
0.0318    0.6578    0.7024    0.6931    0.6934
4.5499    1.6517    1.7930    4.7502   -1.4724
0.0307    0.6387    0.5671    0.0321    0.0488
-1.0541    4.7580   -1.3589    0.3311    0.0919    

% % 87.6969  135.3054  135.2222   71.2850   71.4800
% %     0.0253   -0.8612    0.7008   -0.6544    0.8208
% %     0.0892    0.6962    0.6319    0.6577    0.7365
% %    -0.8508    1.4774    1.7039    4.7935   -1.5037
% %     0.0552    0.6501    0.5824    0.0388    0.0642
% %    -1.6331    4.6457   -1.4582   -0.9564    5.6307
];
end