function T = setTarget
%SETTARGET this is a function to set target pose of the new tool.
T=zeros(4,4,5);
% T(:,:,1)=[
% 
%     0.9994   -0.0313    0.0118    0.0797
%     0.0319    0.9978   -0.0578   -3.1161
%    -0.0100    0.0581    0.9983  101.9887
%          0         0         0    1.0000];
% T(:,:,2) =[
% 
%     0.6571    0.7538   -0.0013   31.5336
%    -0.7534    0.6569    0.0286   32.6436
%     0.0224   -0.0178    0.9996  137.9114
%          0         0         0    1.0000];
% T(:,:,3) =[
% 
%     0.7604   -0.6399   -0.1110  -40.8161
%     0.6485    0.7573    0.0768   30.6421
%     0.0349   -0.1304    0.9908  136.6048
%          0         0         0    1.0000];
% T(:,:,4)=[
% 
%     0.7948    0.4937   -0.3529  -26.0711
%    -0.6050    0.5990   -0.5246  -36.2698
%    -0.0476    0.6304    0.7748   70.9218
%          0         0         0    1.0000];
% T(:,:,5)=[
% 
%     0.6133   -0.5685    0.5483   37.2821
%     0.7834    0.5259   -0.3311  -25.0690
%    -0.1001    0.6327    0.7679   70.8743
%          0         0         0    1.0000];
T(:,:,1)=[1 0 0 0;0 1 0 0;0 0 1 102.5;0 0 0 1];

T(:,:,2)=[0.7071 0.7071 0.0 34.0; -0.7071 0.7071 0.0 34.0; 0.0 0.0 1.0 136.5; 0.0 0.0 0.0 1.0];

T(:,:,3)=[ 0.7071 -0.7071 0.0 -34.0; 0.7071 0.7071 0.0 34.0; 0.0 0.0 1.0 136.5; 0.0 0.0 0.0 1.0];

T(:,:,4)=[ 0.7071 0.5 -0.5 -34.0; -0.7071 0.5 -0.5 -34.0 ;0.0 0.7071 0.7071 68.50; 0.0 0.0 0.0 1.0];

T(:,:,5)=[ 0.7071 -0.5 0.5 34.0; 0.7071 0.5 -0.5 -34.0; 0.0 0.7071 0.7071 68.50; 0.0 0.0 0.0 1.0];
end

