function f = get_min_position(x)
position_cur = [
-0.851000000000000	21.6224000000000	89.2610000000000
-0.815000000000000	21.1240000000000	89.5180000000000
-0.819200000000000	20.7082000000000	89.7094000000000
-0.914200000000000	20.7098000000000	90.0748000000000
-1.10440000000000	20.6012000000000	90.3152000000000
-1.30540000000000	20.6238000000000	90.5494000000000
-1.53260000000000	20.5242000000000	90.5542000000000
-1.62020000000000	20.5532000000000	90.6570000000000
-1.97360000000000	20.3572000000000	90.5720000000000
-2.27060000000000	20.3784000000000	90.5770000000000
-2.63280000000000	20.3496000000000	90.6702000000000
-3.06720000000000	20.4572000000000	90.8470000000000
-3.41400000000000	20.5498000000000	90.8592000000000
-3.65020000000000	20.8448000000000	91.0308000000000
-4.03100000000000	20.8724000000000	91.0302000000000
-4.24720000000000	20.9712000000000	90.9286000000000
-4.41260000000000	21.0416000000000	90.7052000000000
-4.68160000000000	21.1504000000000	90.6208000000000
-4.90940000000000	21.1598000000000	90.4058000000000
-5.07100000000000	21.2674000000000	90.1692000000000
-5.31600000000000	21.4184000000000	90.0824000000000
-5.54500000000000	21.4866000000000	89.9760000000000
-5.78160000000000	21.5072000000000	89.8622000000000
-6.06140000000000	21.4622000000000	89.7614000000000
-6.44320000000000	21.4688000000000	89.8620000000000
-6.93580000000000	21.3808000000000	89.8938000000000
-7.33580000000000	21.3286000000000	89.9462000000000
-7.84780000000000	21.1756000000000	89.9108000000000
-8.21240000000000	21.1262000000000	89.9274000000000
-8.56760000000000	20.9662000000000	89.8094000000000
-8.72280000000000	20.8292000000000	89.6170000000000
-8.91660000000000	20.7648000000000	89.4822000000000
-9.02880000000000	20.7542000000000	89.3892000000000
-9.26660000000000	20.7046000000000	89.3042000000000
-9.49500000000000	20.6726000000000	89.2492000000000
-9.82980000000000	20.6230000000000	89.2274000000000
-10.2588000000000	20.5236000000000	89.2570000000000
-10.7148000000000	20.4946000000000	89.3774000000000
-11.1356000000000	20.4920000000000	89.5960000000000
-11.4434000000000	20.4106000000000	89.6818000000000
-11.7768000000000	20.3170000000000	89.7746000000000
-12.0962000000000	20.2850000000000	89.9942000000000
-12.4560000000000	20.1588000000000	90.0774000000000
-12.7988000000000	19.9832000000000	90.1356000000000
-13.0894000000000	20.0156000000000	90.3804000000000
-13.3048000000000	20.1052000000000	90.6954000000000
-13.5314000000000	20.1166000000000	90.8182000000000
-13.6930000000000	20.2140000000000	91.1012000000000
-13.9120000000000	20.3486000000000	91.3048000000000
-14.1504000000000	20.4600000000000	91.4450000000000
-14.4374000000000	20.5654000000000	91.5202000000000
-14.7542000000000	20.7522000000000	91.6590000000000
-15.0390000000000	20.9268000000000	91.6846000000000
-15.4026000000000	21.0534000000000	91.6638000000000
-15.8070000000000	21.2454000000000	91.6378000000000
-16.1694000000000	21.4348000000000	91.5184000000000
-16.4998000000000	21.6164000000000	91.2916000000000
-16.9616000000000	21.8114000000000	91.1026000000000
-17.3146000000000	21.9964000000000	90.8172000000000
-17.6988000000000	22.0746000000000	90.5118000000000
-18.1860000000000	22.0730000000000	90.2034000000000
-18.7106000000000	22.0210000000000	89.9900000000000
-19.2094000000000	21.9000000000000	89.7232000000000
-19.7708000000000	21.7844000000000	89.5884000000000
-20.3896000000000	21.6646000000000	89.5272000000000
-20.9724000000000	21.6000000000000	89.5402000000000
-21.4628000000000	21.4674000000000	89.4606000000000
-21.9436000000000	21.3318000000000	89.3894000000000
-22.3928000000000	21.2560000000000	89.3672000000000
-22.6524000000000	21.1194000000000	89.2174000000000
-22.9270000000000	20.9220000000000	89.0328000000000
-23.2294000000000	20.7714000000000	88.9604000000000
-23.5404000000000	20.5556000000000	88.9060000000000
-23.7346000000000	20.2142000000000	88.8130000000000
-24.0506000000000	19.9366000000000	88.9408000000000
-24.1816000000000	19.6394000000000	88.9922000000000
-24.4596000000000	19.2922000000000	89.1502000000000
-24.6178000000000	19.0020000000000	89.2846000000000
-24.7736000000000	18.6872000000000	89.3044000000000
-24.9604000000000	18.3126000000000	89.2704000000000
-25.2286000000000	17.9300000000000	89.3198000000000
-25.3634000000000	17.5100000000000	89.2728000000000
-25.5322000000000	16.9740000000000	89.1978000000000
-25.7742000000000	16.4140000000000	89.1968000000000
-25.8894000000000	15.8682000000000	89.1022000000000
-26.0216000000000	15.2610000000000	88.9952000000000
-26.0910000000000	14.6526000000000	88.8368000000000
-26.1072000000000	14.1834000000000	88.7536000000000
-26.1772000000000	13.6160000000000	88.6820000000000
-26.2364000000000	13.0090000000000	88.6668000000000
-26.1524000000000	12.3988000000000	88.6068000000000
-26.1494000000000	11.7522000000000	88.6144000000000
-26.0890000000000	11.0148000000000	88.6024000000000
-26.0694000000000	10.3418000000000	88.7066000000000
-26.0374000000000	9.56540000000000	88.7014000000000
-26.0610000000000	8.82400000000000	88.8496000000000
-25.9806000000000	8.07020000000000	88.9250000000000
-25.8824000000000	7.27220000000000	89.0518000000000
-25.6110000000000	6.55580000000000	89.0468000000000
-25.3732000000000	5.95000000000000	89.1514000000000
-25.1580000000000	5.33380000000000	89.2716000000000
-24.9616000000000	4.81080000000000	89.3252000000000
-24.8498000000000	4.29080000000000	89.4632000000000
-24.7516000000000	3.78360000000000	89.5562000000000
-24.6722000000000	3.21200000000000	89.7188000000000
-24.5524000000000	2.58160000000000	89.8310000000000
-24.4924000000000	2.04520000000000	90.0418000000000
-24.4324000000000	1.65180000000000	90.0590000000000
-24.4160000000000	1.25040000000000	90.1362000000000
-24.4064000000000	0.907600000000000	90.0612000000000
-24.4826000000000	0.658000000000000	89.9466000000000
-24.5694000000000	0.296200000000000	89.8260000000000
-24.6738000000000	-0.254800000000000	89.8518000000000
-24.8574000000000	-0.760600000000000	89.9270000000000
-25.1948000000000	-1.29300000000000	90.1254000000000
-25.3714000000000	-1.85580000000000	90.3398000000000
-25.7100000000000	-2.37080000000000	90.6558000000000
-26.0238000000000	-2.77100000000000	90.8382000000000
-26.1514000000000	-3.15300000000000	90.6164000000000
-26.0162000000000	-3.45100000000000	90.1836000000000
-26.0212000000000	-3.66260000000000	89.6782000000000
-25.8582000000000	-3.84220000000000	89.0902000000000
-25.5900000000000	-4.02340000000000	88.4444000000000
-25.4146000000000	-4.26480000000000	88.1866000000000
-25.3248000000000	-4.57220000000000	88.1308000000000
-25.2192000000000	-4.97440000000000	88.1150000000000
-25.0768000000000	-5.50880000000000	88.1462000000000
-25.0152000000000	-6.09700000000000	88.2876000000000
-24.9644000000000	-6.74320000000000	88.5124000000000
-24.9218000000000	-7.35720000000000	88.7170000000000
-24.8780000000000	-7.90480000000000	88.9824000000000
-24.8582000000000	-8.38060000000000	89.2358000000000
-24.8692000000000	-8.79840000000000	89.5264000000000
-24.8926000000000	-9.16200000000000	89.7838000000000
-24.9164000000000	-9.52420000000000	89.9572000000000
-24.9758000000000	-9.87180000000000	90.0866000000000
-25.0500000000000	-10.2326000000000	90.1600000000000
-25.1240000000000	-10.5742000000000	90.1632000000000
-25.2054000000000	-10.9222000000000	90.0892000000000
-25.3622000000000	-11.2876000000000	90.0026000000000
-25.4508000000000	-11.6678000000000	89.8842000000000
-25.5256000000000	-12.0600000000000	89.7490000000000
-25.5878000000000	-12.4880000000000	89.5954000000000
-25.6886000000000	-12.9352000000000	89.4072000000000
-25.6466000000000	-13.3922000000000	89.2474000000000
-25.6304000000000	-13.8254000000000	89.0920000000000
-25.6088000000000	-14.2426000000000	88.9760000000000
-25.5674000000000	-14.6182000000000	88.8622000000000
-25.5090000000000	-14.9840000000000	88.7802000000000
-25.4950000000000	-15.3496000000000	88.7318000000000
-25.4758000000000	-15.7912000000000	88.7256000000000
