
function f = get_min_position2(x)
position_cur = [
-23.6620000000000	13.9290000000000	129.826000000000
-23.5280000000000	13.5030000000000	129.274000000000
-23.6160000000000	13.4760000000000	129.264000000000
-23.7700000000000	13.3970000000000	129.304000000000
-23.9300000000000	13.3880000000000	129.474000000000
-24.2890000000000	13.2220000000000	129.066000000000
-24.4560000000000	13.0820000000000	129.003000000000
-24.6290000000000	12.9620000000000	129.049000000000
-24.9810000000000	12.8620000000000	129.071000000000
-25.1750000000000	12.7570000000000	128.954000000000
-25.4380000000000	12.7040000000000	128.798000000000
-25.7260000000000	12.6910000000000	128.875000000000
-26.0580000000000	12.5240000000000	128.929000000000
-26.3630000000000	12.5410000000000	129.048000000000
-26.7650000000000	12.4510000000000	129.029000000000
-26.9260000000000	12.2790000000000	128.760000000000
-27.1940000000000	12.2600000000000	128.761000000000
-27.4190000000000	12.3420000000000	129.269000000000
-27.5540000000000	12.2890000000000	129.117000000000
-27.8800000000000	12.2200000000000	129.423000000000
-28.1100000000000	12.2690000000000	129.590000000000
-28.2540000000000	12.1590000000000	129.226000000000
-28.6010000000000	12.1480000000000	129.233000000000
-28.9770000000000	12.3790000000000	129.697000000000
-29.5980000000000	12.5100000000000	129.660000000000
-29.8940000000000	12.7250000000000	129.830000000000
-30.3100000000000	12.7310000000000	129.495000000000
-30.7780000000000	12.9630000000000	129.883000000000
-31.1030000000000	13.1140000000000	130.048000000000
-31.5400000000000	13.2090000000000	129.816000000000
-31.7940000000000	13.3750000000000	129.717000000000
-32.1910000000000	13.7280000000000	129.837000000000
-32.5910000000000	13.9430000000000	129.828000000000
-32.9290000000000	14.0340000000000	129.557000000000
-32.9090000000000	14.0610000000000	129.584000000000
-33.2450000000000	14.4080000000000	129.795000000000
-35.8960000000000	14.8890000000000	129.597000000000
-36.3500000000000	15.0520000000000	129.137000000000
-36.6870000000000	15.4700000000000	129.419000000000
-37.1100000000000	15.6830000000000	129.628000000000
-37.2290000000000	15.9490000000000	129.365000000000
-38.0330000000000	16.3460000000000	129.348000000000
-38.1770000000000	16.4860000000000	128.396000000000
-39.1670000000000	16.8690000000000	128.826000000000
-40.6080000000000	16.9860000000000	128.260000000000
-41.1890000000000	17.1270000000000	128.068000000000
-41.4760000000000	17.1540000000000	128.221000000000
-41.7350000000000	17.0920000000000	127.901000000000
-41.9160000000000	17.0060000000000	127.641000000000
-42.2410000000000	16.9150000000000	127.555000000000
-42.3480000000000	16.8040000000000	127.088000000000
-42.7000000000000	16.7310000000000	127.045000000000
-43.1490000000000	16.5950000000000	126.680000000000
-43.4110000000000	16.4740000000000	126.527000000000
-43.9960000000000	16.2670000000000	126.149000000000
-44.4300000000000	16.1480000000000	125.925000000000
-46.1350000000000	15.9060000000000	125.174000000000
-46.6250000000000	15.7550000000000	124.959000000000
-47.0690000000000	15.5200000000000	124.945000000000
-47.2610000000000	15.3810000000000	124.590000000000
-47.5490000000000	15.3550000000000	124.585000000000
-47.8200000000000	15.2250000000000	124.484000000000
-47.9520000000000	15.0430000000000	124.210000000000
-49.0490000000000	15.0110000000000	124.175000000000
-49.4800000000000	14.8790000000000	123.878000000000
-49.7570000000000	14.7850000000000	123.766000000000
-50.0670000000000	14.6830000000000	123.729000000000
-50.2230000000000	14.5550000000000	123.552000000000
-51.0170000000000	14.4040000000000	123.481000000000
-52.1840000000000	14.2440000000000	123.321000000000
-52.5610000000000	14.0210000000000	123.203000000000
-53.3180000000000	13.8740000000000	123.104000000000
-53.3990000000000	13.8530000000000	123.113000000000
-53.6300000000000	13.6030000000000	122.870000000000
-54.1380000000000	13.4630000000000	123.425000000000
-54.2920000000000	13.1810000000000	123.382000000000
-54.4670000000000	12.9850000000000	123.590000000000
-55.7390000000000	12.9360000000000	123.604000000000
-56.1660000000000	12.7800000000000	123.909000000000
-56.3560000000000	12.5940000000000	124.016000000000
-57.1140000000000	12.8040000000000	124.222000000000
-57.3140000000000	13.0310000000000	124.272000000000
-57.2510000000000	13.2890000000000	124.301000000000
-57.4570000000000	13.8510000000000	124.334000000000
-57.5480000000000	14.2950000000000	124.008000000000
-57.7920000000000	14.7180000000000	124.058000000000
-57.7740000000000	14.9730000000000	123.849000000000
-57.8240000000000	15.2200000000000	123.532000000000
-57.8830000000000	15.3700000000000	123.364000000000
-57.9070000000000	15.5740000000000	123.089000000000
-57.9310000000000	15.5650000000000	122.915000000000
-58.0290000000000	15.4350000000000	122.598000000000
-58.0160000000000	15.3910000000000	122.126000000000
-58.1510000000000	15.2810000000000	122.022000000000
-58.0460000000000	15.1950000000000	121.451000000000
-58.1780000000000	15.0530000000000	121.333000000000
-58.2340000000000	14.8290000000000	120.929000000000
-58.4260000000000	14.4430000000000	120.474000000000
-58.4460000000000	14.3250000000000	120.222000000000
-58.4700000000000	14.0090000000000	119.865000000000
-58.5910000000000	13.8180000000000	119.445000000000
-58.7190000000000	13.4050000000000	119.128000000000
-58.7370000000000	13.1940000000000	118.824000000000
-58.8120000000000	12.8670000000000	118.344000000000
-59.0310000000000	12.6630000000000	118.085000000000
-58.8710000000000	12.3400000000000	117.424000000000
-58.8370000000000	12.1290000000000	117.272000000000
-58.8280000000000	11.7570000000000	116.861000000000
-58.9330000000000	11.3800000000000	116.591000000000
-58.9330000000000	11.1080000000000	116.104000000000
-58.9440000000000	10.6110000000000	115.393000000000
-59.0740000000000	10.3250000000000	115.176000000000
-58.9620000000000	9.83900000000000	114.492000000000
-58.9250000000000	9.45800000000000	114.201000000000
-58.8240000000000	9.07100000000000	113.642000000000
-58.8530000000000	8.57300000000000	113.208000000000
-58.7340000000000	8.15100000000000	112.802000000000
-58.5350000000000	7.67400000000000	112.331000000000
-58.3520000000000	7.26300000000000	111.753000000000
-58.3160000000000	6.78000000000000	111.443000000000
-58.2750000000000	6.30700000000000	111.205000000000
-57.9620000000000	5.87000000000000	110.590000000000
-57.6940000000000	5.34100000000000	110.151000000000
-57.4770000000000	4.81800000000000	109.693000000000
-57.2500000000000	4.46500000000000	109.361000000000
-56.9380000000000	4.02000000000000	108.955000000000
-56.8940000000000	3.77700000000000	108.992000000000
-56.6370000000000	3.34100000000000	108.632000000000
-56.3980000000000	3.12400000000000	108.344000000000
-56.1540000000000	2.78300000000000	108.136000000000
-55.8490000000000	2.45200000000000	107.807000000000
-55.8840000000000	2.10900000000000	107.472000000000
-55.6370000000000	1.79500000000000	107.179000000000
-55.6410000000000	1.42200000000000	106.982000000000
-55.7670000000000	1.07300000000000	106.843000000000
-55.5720000000000	0.814000000000000	106.286000000000
-55.5250000000000	0.446000000000000	106.060000000000
-55.5170000000000	-0.0110000000000000	105.735000000000
-55.4280000000000	-0.315000000000000	105.381000000000
-55.8020000000000	-0.605000000000000	105.169000000000
-56.0520000000000	-0.921000000000000	104.916000000000
-56.0100000000000	-1.19200000000000	104.623000000000
-56.0730000000000	-1.52200000000000	104.324000000000
-56.1140000000000	-1.81700000000000	104.101000000000
-56.0390000000000	-2.08500000000000	103.746000000000
-56.0550000000000	-2.44700000000000	103.372000000000
-56.0670000000000	-2.79800000000000	103.228000000000
-56.2220000000000	-3.06100000000000	103.028000000000
-56.3430000000000	-3.33800000000000	102.671000000000
-56.4350000000000	-3.65700000000000	102.341000000000
-56.4700000000000	-3.92800000000000	102.029000000000
-56.4280000000000	-4.26200000000000	101.794000000000
