function [pix_l,pix_r]=getPixel2

data=[
1010.0223388671875 872.5444030761719  966.4765930175781 872.7961120605469
1009.9552612304688 871.9578552246094  966.5567016601562 871.8131408691406
1009.8841857910156 871.3716430664062  966.4584655761719 871.5263366699219
1010.13232421875 871.0132446289062  966.9026794433594 870.8284912109375
1010.4043579101562 870.6617736816406  967.0697021484375 870.8356323242188
1010.4892883300781 870.4202880859375  967.0834350585938 870.5652160644531
1010.4974975585938 870.0674438476562  967.1965026855469 870.2028503417969
1010.5216979980469 869.5959167480469  967.1126708984375 869.825439453125
1010.5057373046875 868.9545593261719  967.0794982910156 869.1859130859375
1010.4611206054688 867.9274597167969  967.0267944335938 867.9203186035156
1009.9592895507812 866.1112365722656  966.3240051269531 865.9276123046875
1008.9161682128906 863.5971984863281 965.1570434570312 863.6194152832031
1008.176513671875 860.6184692382812 964.4505920410156 860.8561096191406
1007.6250610351562 857.6644287109375 963.34765625 857.9240112304688
1006.7694702148438 854.4012145996094  962.7158508300781 854.5526733398438
1008.7084350585938 852.7627258300781 964.5944213867188 852.9062805175781
1010.4007873535156 850.1330261230469 966.0805053710938 850.2677917480469
1011.7807312011719 847.7403869628906 967.5570678710938 847.8407592773438
1012.8619995117188 846.17333984375 968.5993957519531 846.3453674316406
1013.8561401367188 844.8786010742188  969.5573425292969 844.8644104003906
1014.0469055175781 843.3648986816406 969.49560546875 843.4271545410156
1015.3476257324219 841.2083435058594 970.8632507324219 841.3380432128906
1016.2496337890625 839.3495788574219 971.4033203125 839.5746154785156
1016.6466369628906 837.9710388183594 971.8556823730469 838.0346069335938
1018.2461242675781 838.5050048828125 973.4585571289062 838.50341796875
1019.2179565429688 838.5234069824219 974.3748474121094 838.6328735351562
1018.3477478027344 839.6589965820312 973.5079040527344 839.663818359375
1025.3621215820312 837.818603515625 980.5074157714844 837.8048400878906
1025.5320434570312 837.8021545410156  980.5768737792969 837.9014587402344
1027.3559265136719 838.4509582519531 982.4160461425781 838.4749450683594
1030.5455322265625 837.4022521972656 985.670654296875 837.5073547363281
1039.0070495605469 837.1937866210938  993.9278564453125 837.0674438476562
1040.9670104980469 836.2636413574219  996.0394592285156 836.403564453125
1049.6746215820312 832.584716796875  1004.5344543457031 832.6106567382812
1050.2954711914062 834.2804870605469  1005.290283203125 834.3272094726562
1051.2894592285156 835.5974426269531  1006.2318115234375 835.4437866210938
1059.0030517578125 834.2168579101562 1013.9413146972656 834.337646484375
1061.4564208984375 833.1325378417969  1016.303955078125 833.34716796875
1063.1131896972656 832.1045837402344 1018.0691223144531 832.1376342773438
1075.6741027832031 829.1017456054688 1030.3070983886719 829.2739868164062
1076.3337097167969 830.6712036132812 1030.9207458496094 830.8916625976562
1077.3182678222656 831.64111328125 1031.9553833007812 831.7599792480469
1081.8630676269531 831.6238098144531 1036.5087585449219 831.824462890625
1083.909912109375 830.5487365722656  1038.7601928710938 830.5563354492188
1090.0045166015625 829.2121887207031 1044.6104431152344 829.2500610351562
1090.6527709960938 830.4672241210938 1045.5011901855469 830.5454711914062
1093.9418029785156 831.3783264160156 1048.7503051757812 830.98583984375
1098.3555908203125 829.4595642089844  1053.0439147949219 829.5643920898438
1096.2739868164062 823.6091918945312 1050.877197265625 823.7128601074219
1095.6872863769531 810.2740173339844 1049.9783325195312 810.5592651367188
1094.7698059082031 810.4006958007812 1049.3768310546875 810.3447875976562
1094.0295715332031 802.248291015625 1048.5750427246094 802.6590270996094
1093.8846740722656 802.6520385742188 1048.5304870605469 802.617919921875
1092.4484558105469 800.0164794921875 1047.3489074707031 799.9207763671875
1089.5110473632812 797.7611694335938 1044.1134033203125 798.3039245605469
1086.1930847167969 795.3993225097656 1041.0000610351562 795.2158813476562
1083.3587036132812 788.8870544433594 1038.0321044921875 788.6151123046875
1080.7146301269531 785.1798706054688 1035.4228210449219 785.1414489746094
1078.3933410644531 782.4014892578125 1032.9785766601562 782.2443542480469
1078.3973999023438 782.09912109375 1032.8782958984375 782.1529235839844
1076.00537109375 779.3035278320312 1030.4064636230469 779.2243347167969
1072.7250366210938 775.89111328125 1027.2451782226562 775.6965942382812
1060.0383911132812 768.4026184082031 1014.6502990722656 768.2294311523438
1056.8339538574219 765.7406311035156  1011.4324035644531 765.6423034667969
1043.7006530761719 758.7591247558594 998.6259460449219 758.53857421875
1041.0008850097656 756.9804992675781  995.7053527832031 756.7767639160156
1025.533935546875 749.8115692138672 980.2978210449219 749.6661834716797
1022.6417236328125 748.5777587890625  977.3857727050781 748.4131164550781
1008.6847839355469 742.7175903320312  963.5600280761719 742.6796875
1006.1070556640625 741.5371246337891 960.9113159179688 741.3989562988281
998.6752014160156 739.3195343017578 953.6390686035156 739.2596740722656
995.0985412597656 738.4812927246094 950.0291137695312 738.533935546875
992.2280578613281 737.9237823486328  947.2217407226562 737.6226196289062
988.7546081542969 736.4762725830078  943.8195648193359 736.3343658447266
984.6497497558594 731.5257720947266 939.5982818603516 731.3534088134766
982.0255737304688 736.0692138671875 937.1412048339844 735.8215026855469
982.2059631347656 735.5163879394531 937.6444702148438 734.9346466064453
986.0586853027344 737.8321228027344 941.0175323486328 737.8302154541016
990.5392456054688 744.1024169921875 945.5925903320312 744.0921936035156
996.5896606445312 753.0065765380859 951.6386871337891 752.9095764160156
1000.8740234375 758.1742248535156 956.0576477050781 757.9130859375
1004.528076171875 763.5583190917969 959.73291015625 763.1526184082031
1001.5667419433594 766.6537475585938 956.8183898925781 766.6697387695312
1005.4552917480469 782.9871520996094 961.0892944335938 783.009521484375
1005.7085876464844 785.1050415039062 961.5774536132812 784.830078125
1006.611572265625 786.6305847167969 962.1644592285156 786.7218322753906
1006.5975952148438 787.8955993652344 962.3383483886719 787.5874938964844
1006.2955017089844 788.5658264160156 962.0921936035156 788.4101867675781
1004.6118774414062 789.0133972167969 960.4503173828125 788.777099609375
1002.8451538085938 789.2112426757812 958.8482971191406 788.9878540039062
1001.0250244140625 788.8368530273438  956.8438110351562 788.78515625
998.679931640625 788.4929809570312 954.6614837646484 788.5655822753906
996.4820861816406 784.6504211425781 952.1039428710938 784.4250183105469
993.8523864746094 782.4654541015625 949.5250701904297 782.4959716796875
989.8550415039062 779.7731628417969 945.4357299804688 779.5903930664062
980.8701171875 776.7657165527344 936.5547180175781 776.5580139160156
956.9071350097656 758.3598327636719 911.9429473876953 758.3200988769531
949.0473785400391 751.9053955078125 903.8118896484375 751.7641754150391
939.926025390625 746.3801422119141 894.3940734863281 746.3468627929688
933.3548126220703 741.6848297119141 887.6618194580078 741.9809875488281
928.4850616455078 737.5325012207031 882.9711608886719 736.9774017333984
909.2854614257812 738.2664794921875 863.6542053222656 738.1873931884766
904.1128692626953 734.3694305419922  858.5502319335938 734.2050628662109
899.5565643310547 729.9425964355469  853.8249969482422 729.8383483886719
895.9207000732422 725.1435852050781 850.2824096679688 724.9296417236328
892.3991088867188 719.5407409667969 846.6122894287109 719.4774627685547
887.0749969482422 715.3976287841797 841.3272094726562 715.0126190185547
882.9101867675781 710.4794006347656 837.0740966796875 710.2023773193359
876.5305480957031 704.7349548339844 830.8113098144531 704.4455261230469
