function [pix_l,pix_r]=getPixel

data=[
1608.2320251464844 887.5181884765625 1547.078197479248 886.8114013671875
1608.3223876953125 887.904541015625 1547.33544921875 887.2913208007812
1607.6107711791992 886.5261840820312 1546.3728218078613 886.0275268554688
1607.4625930786133 884.4822998046875 1546.363224029541 883.9708862304688
1607.520523071289 883.4053955078125 1546.7689056396484 882.4506225585938
1607.5980911254883 882.3755493164062 1546.572982788086 881.8845825195312
1607.7124862670898 880.93310546875 1546.8706665039062 879.8020629882812
1608.5471649169922 876.6062622070312 1547.5336227416992 875.547607421875
1609.288803100586 873.775390625 1547.904640197754 873.0671997070312
1610.0035095214844 871.0823364257812 1549.0081253051758 869.9230346679688
1610.8436965942383 867.4111328125 1549.5371208190918 866.2362670898438
1611.357780456543 863.340576171875 1550.018409729004 862.2130126953125
1611.8344268798828 858.9017944335938 1550.4829368591309 857.8234252929688
1612.341896057129 854.3228759765625 1550.7260475158691 853.271728515625
1612.0347290039062 840.570068359375 1550.2531471252441 839.6034545898438
1611.7813034057617 827.9434204101562 1549.8530807495117 826.9078979492188
1612.4486694335938 822.8591918945312 1549.2329368591309 823.2372436523438
1613.2568740844727 818.2440185546875 1551.4768753051758 817.3389892578125
1613.287956237793 816.828857421875 1551.7144203186035 815.9080810546875
1613.9384155273438 815.2354736328125 1551.9474601745605 814.4976806640625
1614.735466003418 813.635986328125 1552.7529945373535 812.7685546875
1614.9211044311523 810.745361328125 1552.6752166748047 809.7291259765625
1615.6821365356445 806.7041625976562 1553.5108833312988 805.7703857421875
1616.2739181518555 801.6834716796875 1554.0632629394531 800.654541015625
1617.3188552856445 795.6190185546875 1555.0737915039062 794.7430419921875
1619.6489181518555 783.557373046875 1557.0526390075684 782.6011962890625
1620.0319290161133 777.4447631835938 1557.2475051879883 776.201904296875
1621.2781524658203 768.9051513671875 1557.4082221984863 767.7147827148438
1623.850440979004 761.9812622070312 1558.3646621704102 760.342041015625
1623.8373641967773 753.7399291992188 1560.5132942199707 752.91357421875
1625.949073791504 747.5079345703125 1561.5647315979004 745.9971923828125
1625.8260116577148 740.7367553710938 1562.6274795532227 740.1068115234375
1625.783592224121 729.6966552734375 1561.4757232666016 728.4821166992188
1625.1191787719727 726.1309204101562 1562.172836303711 725.095947265625
1624.9143447875977 721.9030151367188 1561.3503074645996 720.76611328125
1626.697494506836 717.9168701171875 1562.3709335327148 716.8380737304688
1626.5213623046875 714.7387084960938 1562.09419631958 713.447265625
1627.4394226074219 711.9375610351562 1563.0760688781738 710.6251831054688
1628.0938873291016 708.667236328125 1563.5925827026367 707.3089599609375
1627.7845764160156 704.0177612304688 1563.2297477722168 702.5726928710938
1628.2931060791016 700.6298217773438 1563.478832244873 698.9761962890625
1628.8524017333984 697.403076171875 1564.2637481689453 695.9873046875
1630.2079162597656 692.781494140625 1565.4531631469727 691.5560302734375
1631.301986694336 688.5416870117188 1566.6572799682617 687.2716064453125
1632.0576477050781 683.6288452148438 1567.0027694702148 682.2269897460938
1633.1913452148438 678.1124877929688 1568.0769882202148 676.8930053710938
1633.432632446289 673.3511962890625 1568.2020263671875 672.1734008789062
1633.964126586914 667.0191040039062 1568.6791687011719 665.7655639648438
1634.0703887939453 660.3361206054688 1568.8052139282227 659.099609375
1634.3166046142578 653.8888549804688 1569.1728744506836 652.58935546875
1634.5702667236328 647.2702026367188 1569.1441116333008 645.9906005859375
1635.1099090576172 640.1827392578125 1569.5558700561523 638.9652099609375
1635.8097229003906 632.6427001953125 1570.0180282592773 631.5198974609375
1635.947982788086 625.5946655273438 1570.1803665161133 624.4086303710938
1636.5145111083984 619.0556640625 1570.7561950683594 617.8773803710938
1636.092529296875 613.0233764648438 1570.401756286621 611.8139953613281
1637.1013488769531 606.7402954101562 1571.2596969604492 605.5402221679688
1637.5261535644531 600.1026611328125 1571.7440567016602 599.1103210449219
1639.3721771240234 596.5361328125 1573.4128494262695 595.5460205078125
1641.5578155517578 592.3890380859375 1575.3223495483398 591.2452392578125
1642.675033569336 587.0208740234375 1576.4602661132812 585.9552612304688
1643.8829040527344 581.0134887695312 1577.580581665039 580.0307312011719
1644.2383728027344 575.3556518554688 1577.8640594482422 574.3327331542969
1644.4052276611328 568.2012634277344 1577.9646530151367 567.263916015625
1644.4132843017578 561.9708251953125 1577.7842102050781 561.1533813476562
1644.1129608154297 555.4267578125 1577.3201141357422 554.5024719238281
1643.7509307861328 548.5526733398438 1576.8740539550781 547.782470703125
1642.7969055175781 541.4432983398438 1576.0038681030273 540.5906372070312
1642.8777465820312 532.9085998535156 1576.0207901000977 531.9602966308594
1642.1079711914062 523.7767639160156 1575.053451538086 522.8033447265625
1642.3440856933594 514.7335510253906 1575.1758041381836 513.7566528320312
1641.9350280761719 505.9872741699219 1574.9417190551758 505.0431213378906
1642.7498168945312 497.21484375 1575.4939193725586 496.2197570800781
1642.7008514404297 497.0663146972656 1575.6318283081055 496.1099548339844
1642.3493957519531 488.7293701171875 1575.3325881958008 487.8030090332031
1642.0087280273438 480.9035949707031 1574.6586303710938 480.0494689941406
1640.580795288086 472.619873046875 1573.3001174926758 471.7384338378906
1639.3407135009766 464.4537353515625 1572.9655227661133 461.4100036621094  %%%%
1638.2415466308594 455.7823486328125 1570.8935089111328 454.7929382324219
1637.3167572021484 447.21832275390625 1570.1669921875 446.25628662109375
1635.7374114990234 437.96533203125 1558.501121520996 437.2752685546875
1634.7226867675781 429.7769775390625 1567.5727310180664 428.77215576171875
1633.5457611083984 421.418212890625 1566.364517211914 420.39080810546875
1632.8605651855469 413.06549072265625 1565.5214614868164 411.98040771484375
1632.3279571533203 404.4403381347656 1564.8853149414062 403.37237548828125
1631.2084503173828 395.22515869140625 1563.7244186401367 394.1296081542969
1631.424789428711 395.2049560546875 1563.8404846191406 394.1490478515625
1630.2928161621094 386.1921081542969 1562.672103881836 385.0611572265625
1630.4193725585938 386.1644287109375 1562.7123565673828 385.0772705078125
1629.3096313476562 377.0010986328125 1561.5830764770508 375.9248352050781
1628.2561340332031 367.99932861328125 1560.6142845153809 366.9501647949219
1627.8690490722656 354.16163635253906 1560.0727424621582 353.01373291015625
1627.1000213623047 336.50755310058594 1559.1710510253906 335.4097442626953
1627.346435546875 327.66542053222656 1559.1769180297852 326.49395751953125
1628.391128540039 318.9005584716797 1560.0562744140625 317.67100524902344
1628.0993957519531 310.3043212890625 1559.6492767333984 308.9656066894531
1627.9193954467773 302.72314453125 1559.0050811767578 301.37725830078125
1627.7354049682617 294.7811584472656 1558.9899673461914 293.5934295654297
1627.1831588745117 286.2111511230469 1558.221881866455 284.9154815673828
1626.8200759887695 277.5945739746094 1558.017433166504 276.51971435546875
1627.9344329833984 272.1963806152344 1558.6343574523926 271.15199279785156
1627.742446899414 261.089599609375 1558.1597480773926 260.04454040527344
1627.5301513671875 250.873291015625 1557.9200286865234 249.79393005371094
1626.6903381347656 240.0087127685547 1556.8845405578613 238.94000244140625
1625.9358825683594 229.4409942626953 1555.9253997802734 228.3088836669922
1625.468162536621 218.9376983642578 1555.201774597168 217.7912368774414
1625.1747283935547 208.69701385498047 1554.570899963379 207.5292739868164
1623.9422454833984 198.64253997802734 1553.3913078308105 197.23667907714844
