function [dr1,dr2]=setDR12
dr1=[-0.3466    0.9461    1.1578];
dr2=[-2.8251   -0.8423    0.9820];
end